121
18.6298
14.9031
11.1763
7.4940
14.2022
20.9104
27.6186
34.3268
41.0351
47.7432
54.4514
18.6298
14.9031
11.1763
7.4495
10.0189
16.7271
23.4353
30.1435
36.8517
43.5599
50.2681
18.6298
14.9031
11.1763
7.4495
5.8356
12.5438
19.2520
25.9602
32.6684
39.3766
46.0848
18.6298
14.9031
11.1763
7.4495
3.7227
8.3605
15.0687
21.7769
28.4851
35.1933
41.9015
18.6298
14.9031
11.1763
7.4495
3.7227
4.1772
10.8854
17.5936
24.3018
31.0100
37.7182
18.6298
14.9031
11.1763
7.4495
3.7227
0.0000
6.7021
13.4103
20.1185
26.8267
33.5349
18.6298
14.9031
11.1763
7.4495
3.7227
1.3944
2.8851
9.2270
15.9352
22.6434
29.3516
18.6298
14.9031
11.1763
7.4495
3.7227
2.7889
4.2796
5.7703
11.7519
18.4601
25.1683
18.6298
14.9031
11.1763
7.4495
3.7227
4.1833
5.6740
7.1647
340282346638528859811704183484516925440.0000
14.2768
20.9850
18.6298
14.9031
11.1763
7.4495
340282346638528859811704183484516925440.0000
5.5777
7.0685
340282346638528859811704183484516925440.0000
10.0499
11.5406
16.8017
18.6298
14.9031
11.1763
7.4495
5.4815
6.9722
8.4629
9.9536
11.4443
12.9350
340282346638528859811704183484516925440.0000
